10 10
255 255 255 0.05 0.05 0.05 0.95 T
0 0 255 0.05 0.05 0.15000000000000002 0.95 T
255 255 255 0.05 0.05 0.25 0.95 T
0 0 255 0.05 0.05 0.35000000000000003 0.95 T
255 255 255 0.05 0.05 0.45 0.95 T
0 0 255 0.05 0.05 0.55 0.95 T
255 255 255 0.05 0.05 0.6500000000000001 0.95 T
0 0 255 0.05 0.05 0.7500000000000001 0.95 T
255 255 255 0.05 0.05 0.8500000000000001 0.95 T
0 0 255 0.05 0.05 0.9500000000000001 0.95 T
0 0 255 0.05 0.05 0.05 0.85 T
255 255 255 0.05 0.05 0.15000000000000002 0.85 T
0 0 255 0.05 0.05 0.25 0.85 T
255 255 255 0.05 0.05 0.35000000000000003 0.85 T
0 0 255 0.05 0.05 0.45 0.85 T
255 255 255 0.05 0.05 0.55 0.85 T
0 0 255 0.05 0.05 0.6500000000000001 0.85 T
255 255 255 0.05 0.05 0.7500000000000001 0.85 T
0 0 255 0.05 0.05 0.8500000000000001 0.85 T
255 255 255 0.05 0.05 0.9500000000000001 0.85 T
255 255 255 0.05 0.05 0.05 0.75 T
0 0 255 0.05 0.05 0.15000000000000002 0.75 T
255 255 255 0.05 0.05 0.25 0.75 T
0 0 255 0.05 0.05 0.35000000000000003 0.75 T
255 255 255 0.05 0.05 0.45 0.75 T
0 0 255 0.05 0.05 0.55 0.75 T
255 255 255 0.05 0.05 0.6500000000000001 0.75 T
0 0 255 0.05 0.05 0.7500000000000001 0.75 T
255 255 255 0.05 0.05 0.8500000000000001 0.75 T
0 0 255 0.05 0.05 0.9500000000000001 0.75 T
0 0 255 0.05 0.05 0.05 0.6499999999999999 T
255 255 255 0.05 0.05 0.15000000000000002 0.6499999999999999 T
0 0 255 0.05 0.05 0.25 0.6499999999999999 T
255 255 255 0.05 0.05 0.35000000000000003 0.6499999999999999 T
0 0 255 0.05 0.05 0.45 0.6499999999999999 T
255 255 255 0.05 0.05 0.55 0.6499999999999999 T
0 0 255 0.05 0.05 0.6500000000000001 0.6499999999999999 T
255 255 255 0.05 0.05 0.7500000000000001 0.6499999999999999 T
0 0 255 0.05 0.05 0.8500000000000001 0.6499999999999999 T
255 255 255 0.05 0.05 0.9500000000000001 0.6499999999999999 T
255 255 255 0.05 0.05 0.05 0.5499999999999999 T
0 0 255 0.05 0.05 0.15000000000000002 0.5499999999999999 T
255 255 255 0.05 0.05 0.25 0.5499999999999999 T
0 0 255 0.05 0.05 0.35000000000000003 0.5499999999999999 T
255 255 255 0.05 0.05 0.45 0.5499999999999999 T
0 0 255 0.05 0.05 0.55 0.5499999999999999 T
255 255 255 0.05 0.05 0.6500000000000001 0.5499999999999999 T
0 0 255 0.05 0.05 0.7500000000000001 0.5499999999999999 T
255 255 255 0.05 0.05 0.8500000000000001 0.5499999999999999 T
0 0 255 0.05 0.05 0.9500000000000001 0.5499999999999999 T
0 0 255 0.05 0.05 0.05 0.44999999999999996 T
255 255 255 0.05 0.05 0.15000000000000002 0.44999999999999996 T
0 0 255 0.05 0.05 0.25 0.44999999999999996 T
255 255 255 0.05 0.05 0.35000000000000003 0.44999999999999996 T
0 0 255 0.05 0.05 0.45 0.44999999999999996 T
255 255 255 0.05 0.05 0.55 0.44999999999999996 T
0 0 255 0.05 0.05 0.6500000000000001 0.44999999999999996 T
255 255 255 0.05 0.05 0.7500000000000001 0.44999999999999996 T
0 0 255 0.05 0.05 0.8500000000000001 0.44999999999999996 T
255 255 255 0.05 0.05 0.9500000000000001 0.44999999999999996 T
255 255 255 0.05 0.05 0.05 0.34999999999999987 T
0 0 255 0.05 0.05 0.15000000000000002 0.34999999999999987 T
255 255 255 0.05 0.05 0.25 0.34999999999999987 T
0 0 255 0.05 0.05 0.35000000000000003 0.34999999999999987 T
255 255 255 0.05 0.05 0.45 0.34999999999999987 T
0 0 255 0.05 0.05 0.55 0.34999999999999987 T
255 255 255 0.05 0.05 0.6500000000000001 0.34999999999999987 T
0 0 255 0.05 0.05 0.7500000000000001 0.34999999999999987 T
255 255 255 0.05 0.05 0.8500000000000001 0.34999999999999987 T
0 0 255 0.05 0.05 0.9500000000000001 0.34999999999999987 T
0 0 255 0.05 0.05 0.05 0.2499999999999999 T
255 255 255 0.05 0.05 0.15000000000000002 0.2499999999999999 T
0 0 255 0.05 0.05 0.25 0.2499999999999999 T
255 255 255 0.05 0.05 0.35000000000000003 0.2499999999999999 T
0 0 255 0.05 0.05 0.45 0.2499999999999999 T
255 255 255 0.05 0.05 0.55 0.2499999999999999 T
0 0 255 0.05 0.05 0.6500000000000001 0.2499999999999999 T
255 255 255 0.05 0.05 0.7500000000000001 0.2499999999999999 T
0 0 255 0.05 0.05 0.8500000000000001 0.2499999999999999 T
255 255 255 0.05 0.05 0.9500000000000001 0.2499999999999999 T
255 255 255 0.05 0.05 0.05 0.1499999999999999 T
0 0 255 0.05 0.05 0.15000000000000002 0.1499999999999999 T
255 255 255 0.05 0.05 0.25 0.1499999999999999 T
0 0 255 0.05 0.05 0.35000000000000003 0.1499999999999999 T
255 255 255 0.05 0.05 0.45 0.1499999999999999 T
0 0 255 0.05 0.05 0.55 0.1499999999999999 T
255 255 255 0.05 0.05 0.6500000000000001 0.1499999999999999 T
0 0 255 0.05 0.05 0.7500000000000001 0.1499999999999999 T
255 255 255 0.05 0.05 0.8500000000000001 0.1499999999999999 T
0 0 255 0.05 0.05 0.9500000000000001 0.1499999999999999 T
0 0 255 0.05 0.05 0.05 0.04999999999999993 T
255 255 255 0.05 0.05 0.15000000000000002 0.04999999999999993 T
0 0 255 0.05 0.05 0.25 0.04999999999999993 T
255 255 255 0.05 0.05 0.35000000000000003 0.04999999999999993 T
0 0 255 0.05 0.05 0.45 0.04999999999999993 T
255 255 255 0.05 0.05 0.55 0.04999999999999993 T
0 0 255 0.05 0.05 0.6500000000000001 0.04999999999999993 T
255 255 255 0.05 0.05 0.7500000000000001 0.04999999999999993 T
0 0 255 0.05 0.05 0.8500000000000001 0.04999999999999993 T
255 255 255 0.05 0.05 0.9500000000000001 0.04999999999999993 T
