9 9
255 255 255 0.05555555555555555 0.05555555555555555 0.05555555555555555 0.9444444444444444 T
0 0 255 0.05555555555555555 0.05555555555555555 0.16666666666666666 0.9444444444444444 T
255 255 255 0.05555555555555555 0.05555555555555555 0.2777777777777778 0.9444444444444444 T
0 0 255 0.05555555555555555 0.05555555555555555 0.38888888888888884 0.9444444444444444 T
255 255 255 0.05555555555555555 0.05555555555555555 0.5 0.9444444444444444 T
0 0 255 0.05555555555555555 0.05555555555555555 0.6111111111111112 0.9444444444444444 T
255 255 255 0.05555555555555555 0.05555555555555555 0.7222222222222222 0.9444444444444444 T
0 0 255 0.05555555555555555 0.05555555555555555 0.8333333333333333 0.9444444444444444 T
255 255 255 0.05555555555555555 0.05555555555555555 0.9444444444444444 0.9444444444444444 T
0 0 255 0.05555555555555555 0.05555555555555555 0.05555555555555555 0.8333333333333333 T
255 255 255 0.05555555555555555 0.05555555555555555 0.16666666666666666 0.8333333333333333 T
0 0 255 0.05555555555555555 0.05555555555555555 0.2777777777777778 0.8333333333333333 T
255 255 255 0.05555555555555555 0.05555555555555555 0.38888888888888884 0.8333333333333333 T
0 0 255 0.05555555555555555 0.05555555555555555 0.5 0.8333333333333333 T
255 255 255 0.05555555555555555 0.05555555555555555 0.6111111111111112 0.8333333333333333 T
0 0 255 0.05555555555555555 0.05555555555555555 0.7222222222222222 0.8333333333333333 T
255 255 255 0.05555555555555555 0.05555555555555555 0.8333333333333333 0.8333333333333333 T
0 0 255 0.05555555555555555 0.05555555555555555 0.9444444444444444 0.8333333333333333 T
255 255 255 0.05555555555555555 0.05555555555555555 0.05555555555555555 0.7222222222222222 T
0 0 255 0.05555555555555555 0.05555555555555555 0.16666666666666666 0.7222222222222222 T
255 255 255 0.05555555555555555 0.05555555555555555 0.2777777777777778 0.7222222222222222 T
0 0 255 0.05555555555555555 0.05555555555555555 0.38888888888888884 0.7222222222222222 T
255 255 255 0.05555555555555555 0.05555555555555555 0.5 0.7222222222222222 T
0 0 255 0.05555555555555555 0.05555555555555555 0.6111111111111112 0.7222222222222222 T
255 255 255 0.05555555555555555 0.05555555555555555 0.7222222222222222 0.7222222222222222 T
0 0 255 0.05555555555555555 0.05555555555555555 0.8333333333333333 0.7222222222222222 T
255 255 255 0.05555555555555555 0.05555555555555555 0.9444444444444444 0.7222222222222222 T
0 0 255 0.05555555555555555 0.05555555555555555 0.05555555555555555 0.6111111111111112 T
255 255 255 0.05555555555555555 0.05555555555555555 0.16666666666666666 0.6111111111111112 T
0 0 255 0.05555555555555555 0.05555555555555555 0.2777777777777778 0.6111111111111112 T
255 255 255 0.05555555555555555 0.05555555555555555 0.38888888888888884 0.6111111111111112 T
0 0 255 0.05555555555555555 0.05555555555555555 0.5 0.6111111111111112 T
255 255 255 0.05555555555555555 0.05555555555555555 0.6111111111111112 0.6111111111111112 T
0 0 255 0.05555555555555555 0.05555555555555555 0.7222222222222222 0.6111111111111112 T
255 255 255 0.05555555555555555 0.05555555555555555 0.8333333333333333 0.6111111111111112 T
0 0 255 0.05555555555555555 0.05555555555555555 0.9444444444444444 0.6111111111111112 T
255 255 255 0.05555555555555555 0.05555555555555555 0.05555555555555555 0.5 T
0 0 255 0.05555555555555555 0.05555555555555555 0.16666666666666666 0.5 T
255 255 255 0.05555555555555555 0.05555555555555555 0.2777777777777778 0.5 T
0 0 255 0.05555555555555555 0.05555555555555555 0.38888888888888884 0.5 T
255 255 255 0.05555555555555555 0.05555555555555555 0.5 0.5 T
0 0 255 0.05555555555555555 0.05555555555555555 0.6111111111111112 0.5 T
255 255 255 0.05555555555555555 0.05555555555555555 0.7222222222222222 0.5 T
0 0 255 0.05555555555555555 0.05555555555555555 0.8333333333333333 0.5 T
255 255 255 0.05555555555555555 0.05555555555555555 0.9444444444444444 0.5 T
0 0 255 0.05555555555555555 0.05555555555555555 0.05555555555555555 0.38888888888888884 T
255 255 255 0.05555555555555555 0.05555555555555555 0.16666666666666666 0.38888888888888884 T
0 0 255 0.05555555555555555 0.05555555555555555 0.2777777777777778 0.38888888888888884 T
255 255 255 0.05555555555555555 0.05555555555555555 0.38888888888888884 0.38888888888888884 T
0 0 255 0.05555555555555555 0.05555555555555555 0.5 0.38888888888888884 T
255 255 255 0.05555555555555555 0.05555555555555555 0.6111111111111112 0.38888888888888884 T
0 0 255 0.05555555555555555 0.05555555555555555 0.7222222222222222 0.38888888888888884 T
255 255 255 0.05555555555555555 0.05555555555555555 0.8333333333333333 0.38888888888888884 T
0 0 255 0.05555555555555555 0.05555555555555555 0.9444444444444444 0.38888888888888884 T
255 255 255 0.05555555555555555 0.05555555555555555 0.05555555555555555 0.2777777777777778 T
0 0 255 0.05555555555555555 0.05555555555555555 0.16666666666666666 0.2777777777777778 T
255 255 255 0.05555555555555555 0.05555555555555555 0.2777777777777778 0.2777777777777778 T
0 0 255 0.05555555555555555 0.05555555555555555 0.38888888888888884 0.2777777777777778 T
255 255 255 0.05555555555555555 0.05555555555555555 0.5 0.2777777777777778 T
0 0 255 0.05555555555555555 0.05555555555555555 0.6111111111111112 0.2777777777777778 T
255 255 255 0.05555555555555555 0.05555555555555555 0.7222222222222222 0.2777777777777778 T
0 0 255 0.05555555555555555 0.05555555555555555 0.8333333333333333 0.2777777777777778 T
255 255 255 0.05555555555555555 0.05555555555555555 0.9444444444444444 0.2777777777777778 T
0 0 255 0.05555555555555555 0.05555555555555555 0.05555555555555555 0.16666666666666674 T
255 255 255 0.05555555555555555 0.05555555555555555 0.16666666666666666 0.16666666666666674 T
0 0 255 0.05555555555555555 0.05555555555555555 0.2777777777777778 0.16666666666666674 T
255 255 255 0.05555555555555555 0.05555555555555555 0.38888888888888884 0.16666666666666674 T
0 0 255 0.05555555555555555 0.05555555555555555 0.5 0.16666666666666674 T
255 255 255 0.05555555555555555 0.05555555555555555 0.6111111111111112 0.16666666666666674 T
0 0 255 0.05555555555555555 0.05555555555555555 0.7222222222222222 0.16666666666666674 T
255 255 255 0.05555555555555555 0.05555555555555555 0.8333333333333333 0.16666666666666674 T
0 0 255 0.05555555555555555 0.05555555555555555 0.9444444444444444 0.16666666666666674 T
255 255 255 0.05555555555555555 0.05555555555555555 0.05555555555555555 0.05555555555555558 T
0 0 255 0.05555555555555555 0.05555555555555555 0.16666666666666666 0.05555555555555558 T
255 255 255 0.05555555555555555 0.05555555555555555 0.2777777777777778 0.05555555555555558 T
0 0 255 0.05555555555555555 0.05555555555555555 0.38888888888888884 0.05555555555555558 T
255 255 255 0.05555555555555555 0.05555555555555555 0.5 0.05555555555555558 T
0 0 255 0.05555555555555555 0.05555555555555555 0.6111111111111112 0.05555555555555558 T
255 255 255 0.05555555555555555 0.05555555555555555 0.7222222222222222 0.05555555555555558 T
0 0 255 0.05555555555555555 0.05555555555555555 0.8333333333333333 0.05555555555555558 T
255 255 255 0.05555555555555555 0.05555555555555555 0.9444444444444444 0.05555555555555558 T
