4 6
164 204 109 0.06068100517320475 0.03140299169117261 0.08333333333333333 0.875 T
50 230 110 0.06640077931099704 0.12228001697087987 0.25 0.875 F
79 89 105 0.07053875551406177 0.1228095874902645 0.41666666666666663 0.875 F
32 34 150 0.08164375613592148 0.09251064748534238 0.5833333333333334 0.875 F
52 93 4 0.026828292575202146 0.10957969031390309 0.75 0.875 T
220 133 143 0.010525028805004461 0.016992362147122936 0.9166666666666666 0.875 T
91 57 187 0.07438358478788532 0.10217842570181987 0.08333333333333333 0.625 T
221 179 239 3.9397622211915595E-4 0.07518786534335702 0.25 0.625 T
121 19 168 0.04282885613269706 0.12493869398498349 0.41666666666666663 0.625 F
15 145 145 0.039456681983567346 0.1110912185357911 0.5833333333333334 0.625 F
34 99 20 0.05535888433116901 0.0903287803038892 0.75 0.625 F
138 0 240 0.05358572180370795 0.005341669234366339 0.9166666666666666 0.625 F
48 194 120 0.06580808530025718 0.10760869205286525 0.08333333333333333 0.375 T
185 202 186 0.03639919516804982 0.04115003182927071 0.25 0.375 F
140 19 129 0.018344305464435957 0.10878537086906911 0.41666666666666663 0.375 F
81 88 46 0.042361604531613986 0.0750727955726405 0.5833333333333334 0.375 T
166 76 204 0.011623279841744725 0.05602697704192765 0.75 0.375 T
128 47 64 0.060159193141391634 0.10491908890062501 0.9166666666666666 0.375 T
89 109 122 0.036739663218264315 0.025946349689532758 0.08333333333333333 0.125 F
46 87 168 0.05443567627139087 0.10832569308212435 0.25 0.125 T
251 117 213 0.04581060536587635 0.12241383778377875 0.41666666666666663 0.125 F
56 30 66 0.068140958943529 0.05678523531623644 0.5833333333333334 0.125 F
218 88 146 0.04552778444748154 0.07580964728026929 0.75 0.125 F
249 221 105 0.048578806587831126 0.04116272539372366 0.9166666666666666 0.125 T
